0
7
17
24
105
114
125
138
143
166
314
318
328
352
355
357
371
392
403
414
441
464
483
495
504
517
579
606
608
617
624
625
631
643
646
654
660
690
748
771
797
807
827
834
881
906
929
942
952
1093
1180
1181
1185
1186
1210
1219
1220
1231
1234
1256
1276
1282
1285
1345
1348
1356
1358
1379
1382
1396
1405
1408
1410
1416
1436
1445
1455
1473
1491
1494
1504
1508
1530
1556
1562
1564
1573
1592
1607
1631
1701
1713
1731
1735
1736
1739
1766
1776
1777
1780
1827
1837
1858
1861
1892
1906
1919
1943
1952
1980
1990
2048
2074
2077
2083
2102
2108
2115
2120
2129
2130
2138
2144
2158
2214
2248
2249
2265
2266
2270
2278
2356
2376
2386
2410
2416
2447
2452
2454
2465
2481
2529
2542
2576
2579
2589
2645
2646
2655
2685
2689
2695
2717
2724
2741
2762
2802
2828
2835
2850
2872
2879
2903
2905
2937
2938
2943
2966
2974
2995
3062
3066
3155
3162
3183
3188
3219
3233
3239
3249
3262
3323
3330
3354
3361
3372
3373
3385
3390
3397
3403
3407
3437
3449
3454
3477
3487
3496
3516
3545
3547
3563
3570
3585
3589
3612
3623
3666
3678
3690
3712
3769
3776
3789
3820
3851
3863
3885
3886
3891
3892
3943
3951
3957
3973
3996
4030
4093
4102
4165
4177
4181
4202
4229
4230
4240
4242
4266
4269
4277
4283
4286
4344
4359
4362
4363
4369
4408
4411
4424
4432
4452
4454
4462
4463
4485
4488
4507
4527
4538
4540
4541
4590
4604
4665
4668
4669
4683
4694
4708
4733
4740
4751
4768
4781
4798
4801
4823
4837
4843
4854
4859
4883
4900
4905
4922
4944
4953
4957
4963
4996
5003
5005
5022
5074
5082
5115
5120
5130
5133
5158
5189
5205
5225
5268
5273
5279
5340
5352
5375
5379
5392
5447
5450
5459
5481
5486
5504
5530
5580
5596
5628
5648
5654
5681
5702
5707
5711
5732
5743
5754
5756
5759
5774
5806
5810
5813
5821
5836
5870
5884
5889
5894
5898
5924
5927
5936
5952
5962
5984
5988
5993
6011
6018
6020
6047
6050
6058
6063
6073
6148
6152
6180
6182
6185
6191
6201
6220
6227
6238
6257
6260
6324
6335
6342
6348
6351
6354
6358
6380
6386
6413
6430
6436
6450
6467
6506
6511
6521
6525
6541
6554
6560
6582
6583
6604
6708
6716
6743
6767
6781
6787
6810
6830
6852
6868
6930
6952
6995
7007
7016
7018
7027
7054
7065
7120
7123
7189
7196
7198
7233
7327
7353
7365
7367
7380
7395
7402
7437
7467
7485
7493
7512
7521
7590
7595
7630
7664
7675
7683
7699
7708
7711
7718
7727
7765
7772
7789
7803
7821
7840
7859
7876
7895
7910
7984
8000
8064
8076
8078
8083
8087
8125
8145
8151
8153
8161
8163
8175
8181
8193
8197
8217
8232
8249
8252
8308
8326
8329
8331
8450
8462
8481
8551
8554
8569
8622
8630
8631
8660
8671
8688
8696
8744
8748
8782
8809
8825
8830
8846
8876
8883
8895
8896
8905
8906
8999
9050
9055
9076
9117
9203
9223
9236
9253
9258
9269
9275
9318
9343
9366
9378
9403
9409
9415
9425
9427
9435
9503
9510
9529
9562
9565
9578
9594
9598
9602
9603
9605
9663
9678
9680
9691
9719
9726
9820
9827
9828
9853
9856
9870
9873
9888
9909
9925
9946
9956
9973
9981
10034
10044
10050
10062
10085
10094
10134
10146
10165
10175
10180
10182
10253
10266
10275
10279
10297
10330
10343
10381
10396
10397
10400
10424
10432
10435
10444
10492
10499
10505
10506
10510
10511
10555
10561
10613
10619
10626
10637
10659
10667
10680
10684
10721
10763
10766
10774
10794
10822
10833
10855
10864
10875
10986
11033
11062
11070
11152
11158
11181
11188
11224
11251
11252
11268
11278
11280
11447
11451
11539
11555
11556
11587
11596
11599
11605
11615
11625
11646
11654
11675
11696
11709
11749
11764
11780
11781
11786
11806
11812
11816
11834
11887
11896
11904
11935
11939
12009
12018
12051
12080
12082
12098
12180
12196
12204
12258
12274
12276
12282
12291
12302
12363
12389
12403
12421
12434
12461
12468
12474
12545
12548
12553
12561
12603
12618
12624
12640
12642
12643
12671
12676
12710
12716
12770
12771
12774
12780
12851
12877
12892
12919
12924
12953
12956
12958
13000
13018
13044
13101
13121
13132
13151
13189
13227
13248
13252
13260
13266
13281
13288
13305
13317
13336
13363
13373
13374
13382
13385
13417
13439
13457
13458
13503
13507
13523
13535
13544
13550
13573
13585
13593
13640
13660
13685
13703
13716
13752
13764
13788
13810
13820
13825
13831
13865
13875
13882
13906
13917
13924
13928
13939
13952
13955
13960
13962
13991
13993
13996
14004
14013
14015
14020
14026
14053
14058
14060
14075
14085
14127
14137
14169
14174
14185
14191
14311
14318
14332
14344
14352
14357
14363
14374
14378
14392
14400
14412
14446
14448
14450
14503
14524
14525
14542
14562
14566
14578
14582
14596
14602
14621
14630
14695
14702
14709
14725
14726
14730
14734
14757
14768
14785
14796
14797
14802
14811
14818
14819
14872
14883
14945
14974
15008
15011
15015
15030
15064
15093
15096
15104
15107
15130
15131
15165
15210
15222
15228
15275
15282
15286
15288
15316
15320
15334
15339
15346
15355
15372
15388
15401
15420
15432
15455
15474
15511
15524
15527
15549
15561
15566
15610
15660
15665
15723
15733
15769
15773
15810
15813
15816
15830
15836
15841
15848
15864
15870
15914
15940
15953
15970
15976
15984
15991
16006
16008
16012
16085
16095
16106
16111
16118
16121
16148
16188
16196
16202
16284
16292
16294
16299
16314
16327
16330
16340
16378
16386
16392
16424
16431
16455
16467
16470
16478
16488
16502
16519
16521
16525
16597
16601
16603
16612
16648
16653
16667
16788
16806
16817
16928
16939
16956
16974
16989
17043
17054
17074
17104
17127
17128
17137
17141
17162
17193
17213
17221
17247
17248
17258
17264
17269
17278
17285
17337
17339
17344
17358
17366
17391
17403
17412
17427
17477
17490
17496
17512
17531
17542
17554
17560
17568
17574
17607
17614
17625
17630
17639
17644
17656
17672
17766
17789
17793
17798
17819
17821
17824
17832
17855
17860
17866
17874
17881
17886
17897
17904
17923
17933
17936
17996
18059
18061
18062
18065
18088
18192
18297
18304
18357
18376
18382
18385
18405
18423
18443
18454
18473
18509
18514
18530
18537
18547
18549
18570
18587
18607
18618
18634
18675
18681
18745
18783
18789
18800
18804
18821
18840
18845
18860
18902
18909
18924
18944
18945
19040
19046
19055
19065
19073
19074
19115
19119
19125
19136
19163
19164
19171
19179
19183
19184
19190
19207
19227
19238
19244
19310
19323
19355
19365
19402
19415
19471
19485
19497
19534
19539
19553
19556
19607
19610
19659
19716
19738
19742
19747
19798
19847
19850
19855
19878
19885
19904
19913
19944
19965
19990
19999
