0
7
17
24
105
114
125
138
143
166
314
318
327
328
352
355
357
371
392
403
414
441
469
481
495
517
555
607
617
624
625
631
643
646
654
660
690
748
771
797
807
827
834
881
906
929
942
952
1092
1181
1182
1185
1186
1210
1219
1220
1231
1234
1256
1276
1282
1285
1345
1348
1356
1358
1379
1382
1396
1405
1408
1410
1416
1436
1437
1445
1455
1473
1491
1494
1504
1508
1511
1530
1556
1563
1564
1573
1592
1607
1631
1701
1713
1731
1735
1736
1739
1766
1776
1777
1780
1827
1837
1858
1861
1892
1906
1919
1952
1980
1990
2048
2074
2077
2083
2102
2108
2115
2120
2129
2130
2138
2144
2158
2199
2205
2248
2249
2265
2266
2270
2278
2356
2376
2386
2410
2416
2447
2452
2454
2465
2482
2529
2542
2576
2579
2589
2645
2646
2655
2685
2689
2692
2717
2724
2741
2745
2758
2762
2802
2828
2835
2850
2872
2879
2903
2905
2937
2938
2943
2966
2974
2995
3096
3099
3155
3162
3183
3188
3219
3233
3239
3249
3262
3323
3330
3346
3354
3361
3372
3373
3385
3390
3397
3403
3407
3437
3449
3478
3487
3496
3516
3520
3545
3547
3563
3570
3585
3589
3593
3612
3623
3665
3678
3690
3712
3725
3752
3769
3776
3789
3820
3885
3886
3891
3892
3943
3951
3957
3973
3996
4001
4008
4017
4093
4102
4165
4177
4181
4202
4229
4230
4240
4242
4266
4269
4277
4285
4286
4344
4359
4362
4363
4369
4387
4394
4406
4411
4424
4432
4452
4454
4462
4463
4485
4488
4507
4527
4538
4540
4541
4590
4605
4608
4665
4668
4684
4694
4708
4733
4740
4751
4768
4781
4798
4801
4823
4837
4843
4854
4859
4883
4900
4905
4922
4944
4953
4957
4963
4996
5003
5005
5022
5074
5082
5115
5120
5130
5133
5158
5189
5205
5225
5268
5273
5279
5340
5352
5375
5379
5392
5447
5450
5459
5481
5486
5504
5530
5580
5596
5628
5648
5654
5681
5702
5707
5711
5732
5743
5754
5756
5759
5774
5806
5810
5813
5821
5836
5870
5884
5889
5894
5898
5924
5927
5936
5953
5962
5984
5988
5993
6011
6017
6020
6047
6050
6058
6063
6073
6148
6152
6180
6182
6185
6192
6201
6220
6227
6238
6257
6260
6324
6335
6342
6348
6351
6354
6358
6380
6386
6413
6430
6436
6450
6467
6506
6511
6521
6525
6541
6554
6560
6582
6584
6604
6605
6610
6708
6716
6743
6767
6781
6787
6810
6817
6822
6829
6852
6869
6930
6952
6995
7008
7016
7018
7027
7054
7065
7120
7123
7189
7196
7198
7233
7327
7353
7365
7367
7380
7395
7402
7435
7467
7485
7493
7511
7521
7590
7595
7630
7664
7675
7683
7699
7708
7711
7718
7727
7765
7772
7789
7803
7821
7840
7859
7876
7895
7909
7984
7999
8064
8076
8078
8083
8087
8125
8145
8151
8153
8161
8163
8175
8181
8193
8197
8217
8232
8249
8252
8304
8326
8329
8331
8449
8452
8460
8462
8481
8551
8554
8569
8622
8630
8631
8660
8671
8689
8696
8744
8748
8782
8809
8838
8846
8876
8883
8890
8896
8905
8906
8999
9050
9055
9076
9117
9203
9223
9236
9253
9258
9269
9275
9318
9343
9366
9378
9403
9409
9415
9425
9427
9435
9503
9510
9528
9562
9565
9569
9577
9594
9598
9602
9603
9605
9663
9678
9680
9691
9720
9726
9819
9827
9828
9853
9856
9870
9873
9888
9909
9925
9946
9956
9973
9981
9999
10000
10028
10044
10050
10062
10085
10094
10134
10146
10164
10175
10180
10182
10253
10266
10275
10279
10297
10326
10332
10343
10381
10396
10397
10400
10424
10432
10435
10444
10492
10499
10505
10510
10511
10555
10561
10613
10619
10626
10637
10659
10667
10680
10684
10721
10763
10766
10774
10794
10822
10833
10855
10864
10875
10986
11033
11062
11071
11152
11158
11181
11188
11224
11251
11252
11268
11278
11281
11445
11452
11542
11549
11555
11596
11599
11605
11615
11625
11646
11654
11675
11696
11709
11749
11765
11779
11781
11786
11806
11812
11816
11834
11888
11896
11904
11935
11939
12010
12018
12051
12080
12082
12098
12180
12196
12204
12215
12258
12267
12274
12276
12282
12291
12294
12302
12363
12389
12403
12421
12434
12461
12468
12474
12553
12561
12603
12618
12624
12640
12642
12643
12671
12676
12710
12716
12769
12771
12774
12780
12851
12877
12892
12919
12924
12953
12956
12958
13000
13018
13044
13101
13121
13132
13152
13189
13228
13248
13252
13260
13266
13280
13305
13309
13316
13336
13363
13374
13382
13385
13417
13439
13457
13458
13503
13507
13523
13535
13544
13550
13573
13585
13592
13640
13660
13685
13703
13716
13752
13764
13788
13810
13820
13825
13831
13865
13875
13882
13909
13917
13924
13928
13941
13952
13955
13960
13962
13991
13993
13996
14004
14013
14015
14020
14026
14053
14058
14060
14075
14085
14127
14137
14169
14174
14185
14191
14312
14318
14332
14344
14352
14357
14363
14374
14378
14392
14400
14411
14446
14448
14450
14503
14524
14525
14542
14562
14566
14578
14582
14596
14602
14621
14630
14695
14702
14709
14725
14726
14730
14734
14757
14768
14785
14796
14797
14802
14811
14818
14819
14872
14884
14945
14974
15008
15011
15015
15030
15064
15093
15096
15104
15106
15130
15131
15165
15210
15222
15228
15275
15282
15286
15288
15316
15320
15334
15339
15346
15355
15372
15388
15401
15420
15432
15455
15474
15511
15524
15527
15549
15550
15561
15566
15610
15660
15665
15723
15733
15769
15773
15810
15813
15816
15830
15836
15841
15848
15864
15870
15914
15941
15953
15970
15976
15984
15991
16006
16008
16011
16012
16085
16095
16106
16111
16118
16121
16148
16188
16196
16202
16284
16292
16294
16299
16314
16327
16330
16340
16392
16424
16431
16455
16467
16470
16478
16488
16502
16519
16521
16526
16597
16601
16603
16612
16648
16653
16667
16788
16806
16817
16928
16939
16956
16974
16989
17043
17054
17074
17104
17127
17129
17137
17141
17162
17193
17213
17221
17224
17247
17248
17258
17264
17269
17278
17285
17339
17344
17358
17366
17391
17403
17412
17427
17477
17490
17496
17512
17531
17542
17554
17560
17568
17574
17606
17614
17625
17630
17639
17644
17656
17672
17766
17789
17793
17798
17819
17821
17824
17832
17855
17860
17866
17874
17881
17886
17897
17904
17923
17933
17936
17996
18059
18061
18062
18064
18088
18174
18194
18198
18244
18249
18297
18304
18355
18386
18405
18423
18443
18454
18473
18483
18499
18509
18514
18530
18537
18547
18549
18570
18587
18607
18618
18634
18675
18681
18745
18783
18789
18800
18804
18821
18840
18845
18860
18902
18909
18924
18944
18945
19040
19046
19055
19065
19073
19074
19115
19119
19125
19136
19163
19164
19171
19179
19183
19184
19190
19207
19227
19238
19244
19310
19323
19355
19365
19402
19411
19471
19485
19497
19534
19539
19553
19557
19606
19659
19716
19736
19742
19747
19798
19847
19850
19855
19878
19885
19904
19913
19944
19965
19990
19999
20000
20027
20030
20048
20103
20114
20143
20154
20158
20165
20201
20207
20216
20237
20262
20267
20278
20293
20300
20313
20320
20381
20388
20391
20435
20451
20457
20488
20522
20534
20545
20583
20621
20632
20669
20690
20697
20698
20710
20716
20756
20779
20803
20806
20843
20865
20870
20888
20894
20897
20918
20935
20950
20988
20992
21073
21077
21080
21081
21095
21115
21119
21121
21131
21148
21166
21177
21181
21189
21196
21205
21233
21244
21255
21272
21273
21315
21387
21414
21442
21451
21458
21463
21487
21520
21524
21530
21533
21547
21564
21583
21602
21609
21612
21645
21660
21666
21667
21678
21689
21696
21728
21737
21779
21788
21827
21836
21856
21862
21944
21947
21955
21973
21978
22030
22045
22060
22061
22076
22095
22098
22099
22108
22148
22168
22196
22218
22245
22329
22333
22345
22348
22398
22401
22409
22422
22438
22490
22515
22516
22525
22526
22573
22592
22645
22651
22657
22677
22687
22688
22786
22793
22807
22820
22835
22875
22900
22953
22961
22999
23020
23046
23068
23073
23093
23094
23101
23140
23155
23204
23228
23231
23239
23263
23267
23268
23296
23327
23341
23345
23362
23385
23486
23492
23531
23541
23618
23638
23648
23655
23664
23732
23737
23834
23853
23860
23865
23894
23913
23927
24056
24065
24080
24089
24121
24126
24147
24187
24285
24295
24338
24367
24375
24395
24406
24410
24428
24435
24579
24594
24618
24624
24633
24672
24679
24716
24749
24757
24777
24789
24876
24882
24886
24888
24914
24930
24962
24974
24978
24993
24996
25021
25047
25058
25133
25139
25197
25204
25246
25271
25284
25294
25309
25355
25374
25383
25390
25408
25421
25422
25437
25443
25457
25458
25467
25469
25496
25537
25565
25566
25573
25576
25585
25592
25632
25642
25643
25658
25664
25670
25694
25700
25825
25844
25890
25919
25929
25961
26044
26045
26048
26049
26098
26109
26113
26121
26155
26160
26220
26228
26249
26256
26271
26277
26290
26295
26302
26311
26321
26326
26359
26370
26373
26378
26394
26399
26417
26423
26465
26469
26489
26515
26582
26587
26619
26622
26658
26665
26671
26686
26691
26699
26730
26765
26795
26805
26857
26862
26876
26897
26899
26943
26957
26968
27007
27009
27017
27022
27075
27083
27104
27111
27124
27166
27168
27175
27181
27202
27210
27261
27266
27298
27308
27313
27317
27387
27393
27426
27461
27529
27531
27561
27568
27588
27598
27616
27630
27663
27667
27732
27735
27736
27783
27802
27812
27836
27857
27909
27947
27954
27959
27960
27970
28047
28059
28066
28132
28137
28141
28159
28166
28187
28196
28204
28205
28243
28250
28256
28270
28315
28325
28335
28349
28372
28375
28385
28392
28422
28437
28457
28477
28536
28542
28550
28562
28602
28624
28632
28637
28638
28656
28660
28671
28672
28682
28710
28711
28713
28727
28743
28752
28766
28786
28789
28790
28796
28807
28813
28832
28842
28848
28892
28895
28906
28919
28937
28953
28971
29000
29008
29030
29076
29093
29108
29113
29118
29141
29159
29160
29192
29195
29214
29220
29222
29236
29269
29277
29282
29289
29327
29329
29342
29384
29387
29392
29399
29420
29439
29441
29447
29464
29468
29478
29479
29542
29548
29559
29568
29598
29611
29624
29635
29654
29668
29689
29692
29693
29702
29752
29759
29791
29797
29811
29817
29831
29836
29841
29895
29910
29918
29929
29934
29935
29989
29999
30000
30053
30062
30099
30102
30107
30108
30122
30141
30162
30165
30200
30232
30237
30253
30256
30264
30269
30326
30327
30336
30352
30353
30371
30384
30428
30440
30455
30464
30480
30485
30507
30508
30521
30529
30540
30550
30552
30566
30568
30587
30590
30614
30618
30657
30669
30693
30717
30723
30730
30731
30762
30776
30781
30782
30824
30837
30842
30859
30862
30917
30944
30958
30972
31016
31052
31060
31152
31161
31182
31194
31208
31218
31232
31238
31293
31306
31320
31331
31364
31371
31377
31385
31397
31400
31405
31469
31573
31595
31618
31635
31665
31666
31678
31685
31706
31707
31715
31722
31766
31773
31851
31855
31858
31890
31905
31935
31939
31942
31951
31961
32009
32022
32025
32033
32040
32054
32066
32071
32082
32085
32137
32140
32175
32197
32202
32216
32276
32281
32286
32301
32332
32341
32344
32345
32358
32363
32391
32395
32439
32449
32508
32527
32538
32546
32550
32561
32568
32585
32613
32628
32630
32643
32649
32654
32675
32691
32696
32756
32761
32775
32779
32786
32797
32803
32818
32836
32838
32858
32866
32890
32897
32905
32913
32927
32944
32953
32986
32991
33011
33023
33045
33053
33098
33111
33123
33135
33143
33171
33191
33196
33237
33241
33257
33306
33348
33351
33355
33357
33369
33378
33397
33400
33410
33428
33439
33460
33466
33474
33477
33486
33550
33557
33594
33601
33629
33632
33655
33713
33727
33742
33749
33770
33772
33778
33783
33795
33804
33808
33817
33831
33843
33847
33871
33879
33881
33884
33893
33902
33908
34001
34015
34038
34069
34193
34215
34229
34236
34240
34279
34291
34303
34318
34369
34382
34414
34425
34436
34471
34494
34495
34563
34572
34580
34606
34618
34628
34632
34647
34650
34655
34688
34699
34752
34756
34784
34812
34818
34857
34867
34921
34930
34935
34959
34979
34996
35051
35063
35150
35153
35171
35198
35262
35278
35307
35317
35329
35336
35353
35404
35408
35420
35426
35438
35446
35490
35493
35540
35589
35601
35605
35625
35666
35695
35707
35710
35743
35751
35754
35755
35771
35777
35797
35803
35839
35846
35913
35928
35988
35997
36059
36066
36096
36101
36107
36108
36277
36285
36309
36318
36337
36355
36362
36382
36391
36394
36402
36414
36424
36435
36447
36453
36457
36528
36537
36550
36557
36569
36576
36598
36603
36651
36658
36665
36687
36704
36729
36791
36808
36824
36845
36892
36907
36914
36923
36955
36966
36969
36978
36990
37012
37015
37031
37053
37091
37097
37125
37140
37142
37144
37147
37161
37181
37194
37218
37224
37237
37238
37244
37245
37280
37281
37284
37285
37320
37336
37377
37389
37415
37426
37435
37440
37464
37465
37475
37499
37507
37542
37555
37561
37565
37571
37584
37596
37612
37625
37660
37671
37721
37732
37743
37760
37773
37787
37802
37808
37813
37836
37944
37950
37962
37981
38004
38031
38044
38051
38072
38077
38103
38108
38112
38179
38181
38185
38191
38244
38245
38255
38259
38267
38278
38298
38303
38316
38323
38343
38349
38379
38430
38446
38450
38454
38463
38472
38488
38494
38565
38572
38573
38578
38584
38588
38591
38603
38626
38630
38674
38681
38712
38713
38721
38733
38744
38754
38763
38773
38779
38808
38817
38818
38824
38848
38852
38854
38860
38869
38883
38901
38910
38925
38946
38960
38973
38976
38978
38990
38998
39045
39050
39052
39072
39099
39111
39115
39126
39140
39155
39156
39166
39181
39186
39209
39211
39217
39226
39259
39267
39284
39287
39298
39314
39328
39332
39339
39349
39353
39354
39372
39379
39381
39383
39409
39411
39422
39438
39482
39497
39526
39533
39535
39588
39593
39604
39635
39638
39642
39647
39653
39669
39741
39755
39772
39773
39777
39786
39792
39796
39797
39851
39855
39867
39874
39877
39887
39900
39918
39931
39948
39959
39969
39987
39988
39999
40000
40100
40114
40149
40159
40171
40182
40194
40198
40204
40223
40230
40234
40262
40301
40329
40332
40344
40365
40371
40392
40412
40427
40430
40498
40504
40512
40522
40535
40540
40546
40556
40582
40628
40635
40669
40672
40677
40692
40715
40760
40774
40796
40802
40808
40828
40833
40834
40845
40848
40915
40922
40928
40931
40940
40950
40963
40973
40995
40998
41008
41036
41074
41085
41090
41099
41149
41193
41197
41203
41227
41286
41306
41311
41416
41471
41474
41486
41490
41548
41552
41555
41561
41569
41593
41594
41634
41647
41677
41684
41710
41718
41722
41783
41799
41800
41817
41823
41846
41877
41887
41938
41960
41968
41994
42011
42020
42027
42029
42045
42052
42072
42130
42138
42154
42160
42163
42164
42167
42170
42195
42204
42208
42215
42253
42265
42273
42286
42321
42324
42352
42353
42360
42361
42386
42392
42534
42548
42559
42566
42595
42596
42599
42601
42638
42677
42688
42696
42737
42746
42748
42752
42753
42762
42763
42802
42836
42852
42874
42878
42880
42882
42884
42899
42920
42932
42944
42966
42978
42995
43047
43052
43089
43093
43096
43100
43105
43151
43179
43192
43202
43212
43257
43288
43296
43300
43329
43339
43356
43360
43368
43389
43444
43501
43508
43519
43540
43581
43618
43636
43656
43674
43709
43752
43764
43810
43817
43888
43897
43902
43952
43957
43981
43995
44013
44024
44057
44081
44084
44103
44113
44190
44195
44202
44206
44212
44213
44226
44236
44242
44249
44256
44274
44280
44283
44296
44319
44327
44331
44334
44357
44371
44418
44425
44436
44471
44489
44503
44520
44564
44569
44570
44592
44632
44637
44664
44686
44690
44697
44724
44729
44737
44749
44770
44775
44803
44808
44814
44872
44897
44907
44923
44932
44945
44960
44965
44967
44974
45000
45022
45026
45040
45050
45061
45121
45135
45139
45148
45169
45225
45237
45252
45259
45279
45317
45323
45359
45367
45382
45404
45433
45434
45447
45481
45514
45531
45542
45544
45555
45584
45595
45632
45670
45679
45684
45685
45768
45797
45822
45829
45843
45904
45916
45937
45959
45968
46035
46061
46065
46066
46075
46110
46114
46151
46178
46183
46188
46202
46248
46252
46301
46309
46329
46346
46352
46364
46374
46402
46440
46448
46467
46469
46479
46497
46505
46522
46533
46539
46553
46569
46584
46585
46610
46624
46644
46647
46661
46707
46708
46710
46714
46725
46738
46750
46761
46794
46811
46829
46836
46837
46842
46849
46860
46863
46867
46913
46922
46927
46940
46944
46959
46963
47010
47017
47036
47126
47149
47151
47161
47181
47210
47226
47295
47341
47346
47350
47383
47387
47389
47396
47400
47426
47446
47536
47571
47575
47602
47603
47612
47643
47660
47673
47683
47747
47751
47781
47782
47786
47796
47802
47819
47821
47840
47848
48007
48018
48092
48099
48146
48154
48161
48299
48315
48360
48379
48397
48400
48408
48426
48431
48443
48448
48457
48469
48479
48492
48498
48514
48517
48525
48526
48540
48573
48577
48580
48660
48668
48671
48733
48740
48748
48754
48761
48765
48788
48811
48814
48819
48846
48875
48916
48918
48919
48922
48933
48944
48955
48978
48995
48999
49020
49043
49061
49111
49114
49140
49144
49151
49164
49176
49185
49206
49209
49212
49254
49262
49294
49301
49310
49366
49384
49389
49402
49415
49432
49442
49448
49460
49470
49529
49539
49562
49580
49588
49607
49610
49641
49654
49673
49682
49717
49718
49722
49743
49796
49800
49803
49812
49908
49953
49960
49984
49992
49999
50000
50083
50090
50106
50127
50140
50154
50175
50194
50215
50226
50235
50246
50252
50253
50259
50261
50272
50284
50299
50303
50316
50329
50340
50350
50380
50383
50409
50438
50526
50542
50551
50572
50579
50591
50592
50594
50603
50632
50652
50666
50671
50672
50692
50779
50785
50871
50894
50907
50924
50979
51008
51024
51043
51078
51092
51143
51150
51164
51198
51208
51215
51223
51253
51260
51267
51301
51302
51306
51387
51421
51425
51435
51450
51458
51482
51492
51498
51504
51529
51584
51591
51596
51601
51624
51630
51635
51645
51652
51695
51709
51729
51767
51785
51806
51812
51813
51831
51847
51862
51900
51910
51911
51916
51936
51952
51958
51963
51966
51984
52000
52011
52026
52037
52091
52105
52109
52117
52147
52187
52197
52198
52210
52235
52245
52251
52252
52271
52330
52351
52357
52379
52394
52398
52410
52413
52453
52457
52467
52475
52491
52493
52503
52527
52541
52542
52561
52568
52589
52630
52632
52644
52655
52668
52679
52681
52749
52754
52757
52758
52762
52773
52776
52780
52798
52801
52859
52915
52927
53003
53025
53045
53074
53151
53170
53179
53182
53211
53243
53265
53271
53281
53294
53300
53303
53311
53313
53320
53342
53350
53391
53394
53395
53398
53401
53452
53459
53500
53516
53521
53535
53598
53611
53623
53638
53648
53651
53660
53679
53767
53773
53777
53793
53826
53888
53898
53901
53914
53919
53932
53948
53963
53977
53985
54014
54015
54024
54044
54064
54077
54086
54105
54121
54132
54137
54139
54165
54166
54170
54171
54231
54248
54260
54263
54280
54291
54325
54330
54349
54373
54376
54382
54387
54460
54462
54463
54483
54495
54502
54512
54515
54516
54555
54570
54608
54625
54635
54689
54697
54698
54720
54733
54736
54750
54786
54790
54886
54897
54903
54909
54921
54925
54951
55012
55022
55060
55070
55097
55108
55125
55163
55171
55190
55193
55233
55239
55251
55259
55270
55313
55323
55374
55395
55433
55435
55436
55514
55520
55590
55607
55618
55628
55653
55671
55679
55680
55695
55702
55707
55747
55762
55789
55797
55833
55845
55876
55932
55935
55948
55953
55957
55973
56028
56036
56085
56115
56133
56136
56163
56173
56184
56188
56191
56213
56217
56218
56232
56258
56263
56272
56276
56288
56290
56322
56326
56344
56438
56453
56472
56482
56491
56498
56508
56543
56551
56593
56601
56626
56639
56655
56672
56685
56688
56693
56705
56726
56737
56772
56775
56782
56809
56863
56867
56876
56882
56900
56907
56920
56929
56933
56937
56964
56975
56983
56993
56995
56998
57044
57054
57056
57067
57070
57076
57096
57100
57106
57136
57139
57142
57149
57151
57170
57171
57181
57207
57211
57258
57272
57282
57301
57351
57356
57387
57393
57442
57443
57446
57462
57545
57555
57574
57594
57629
57636
57639
57640
57649
57703
57707
57761
57762
57779
57823
57828
57856
57862
57863
57946
57969
57980
57996
58018
58020
58039
58050
58061
58086
58096
58105
58149
58175
58185
58198
58234
58245
58251
58265
58324
58327
58337
58348
58361
58365
58389
58396
58409
58417
58449
58498
58513
58535
58582
58591
58608
58609
58614
58622
58660
58686
58699
58705
58719
58740
58744
58747
58775
58781
58851
58864
58902
58905
58914
58950
58953
58962
58973
58980
58995
59005
59026
59050
59081
59100
59146
59155
59188
59210
59266
59274
59285
59289
59302
59311
59358
59381
59409
59426
59499
59544
59566
59573
59578
59581
59600
59638
59678
59681
59733
59741
59756
59760
59767
59772
59792
59800
59805
59811
59855
59865
59923
59936
59952
59960
59999
60000
60040
60063
60071
60080
60083
60096
60122
60125
60134
60146
60156
60160
60176
60179
60189
60231
60236
60242
60286
60331
60341
60352
60409
60411
60412
60429
60436
60455
60458
60461
60467
60480
60485
60511
60523
60544
60567
60568
60612
60618
60619
60637
60650
60703
60708
60729
60735
60749
60764
60857
60872
60874
60882
60894
60923
61045
61051
61108
61122
61129
61155
61163
61186
61191
61194
61206
61207
61219
61220
61242
61249
61259
61265
61290
61320
61348
61376
61396
61400
61404
61435
61456
61471
61495
61510
61557
61615
61626
61637
61644
61666
61673
61674
61802
61822
61827
61846
61849
61854
61882
61885
61891
61897
61900
61911
61964
61972
61978
61984
61996
62016
62062
62080
62128
62133
62144
62151
62211
62221
62240
62243
62251
62252
62266
62286
62290
62317
62353
62371
62374
62378
62386
62389
62411
62416
62444
62453
62473
62485
62558
62562
62587
62595
62605
62607
62612
62619
62666
62696
62701
62769
62776
62785
62807
62813
62824
62834
62843
62871
62944
62963
62984
63046
63082
63093
63107
63114
63145
63163
63184
63193
63208
63211
63214
63222
63320
63323
63331
63339
63347
63348
63477
63486
63540
63545
63590
63621
63638
63686
63693
63765
63783
63809
63824
63848
63863
63869
63876
63891
63906
63926
63995
64001
64023
64028
64031
64036
64053
64092
64095
64131
64148
64156
64164
64173
64176
64187
64248
64255
64259
64271
64272
64277
64297
64300
64320
64321
64325
64326
64334
64351
64373
64376
64389
64392
64420
64438
64505
64516
64522
64526
64545
64612
64615
64631
64636
64641
64671
64694
64708
64716
64722
64730
64739
64746
64786
64794
64814
64816
64826
64827
64843
64844
64860
64864
64874
64896
64918
64929
64951
64994
65043
65049
65060
65068
65087
65110
65168
65171
65233
65237
65243
65249
65253
65258
65289
65290
65299
65306
65335
65343
65380
65393
65413
65418
65426
65503
65509
65514
65521
65526
65527
65574
65600
65612
65620
65632
65659
65670
65717
65727
65751
65759
65767
65771
65869
65875
65990
65993
65997
66008
66017
66021
66047
66052
66085
66088
66096
66116
66141
66156
66178
66186
66198
66249
66277
66284
66285
66325
66331
66359
66371
66433
66438
66452
66454
66472
66481
66508
66514
66530
66559
66580
66612
66627
66632
66681
66685
66691
66698
66711
66712
66728
66740
66772
66778
66783
66814
66817
66832
66836
66841
66872
66879
66882
66886
66916
66917
66928
66929
67041
67073
67119
67120
67133
67135
67149
67158
67184
67204
67214
67217
67220
67261
67269
67273
67276
67346
67353
67371
67374
67399
67403
67410
67452
67467
67473
67489
67506
67527
67557
67576
67618
67623
67710
67731
67754
67783
67786
67868
67911
67914
67921
67922
67932
67960
67969
68006
68019
68057
68065
68070
68114
68124
68195
68207
68222
68224
68252
68253
68285
68289
68293
68307
68314
68324
68374
68379
68386
68394
68402
68427
68428
68459
68464
68518
68529
68542
68567
68569
68593
68598
68607
68625
68646
68680
68692
68705
68710
68720
68731
68749
68755
68859
68902
68918
68955
68971
68988
68995
69006
69007
69016
69019
69043
69060
69070
69098
69101
69103
69118
69133
69149
69161
69224
69238
69259
69263
69334
69343
69368
69374
69391
69400
69412
69425
69450
69479
69532
69537
69587
69591
69678
69693
69786
69788
69803
69808
69838
69863
69889
69890
69897
69904
69907
69910
69919
69926
69999
70000
70024
70047
70088
70090
70112
70118
70121
70143
70170
70183
70185
70197
70203
70204
70313
70316
70322
70323
70326
70331
70337
70342
70381
70394
70398
70408
70409
70421
70448
70498
70516
70544
70547
70578
70579
70606
70623
70626
70634
70651
70679
70689
70713
70723
70730
70741
70752
70776
70789
70799
70827
70832
70873
70874
70884
70911
70923
70948
71039
71041
71050
71072
71073
71081
71100
71126
71135
71143
71153
71164
71165
71170
71171
71191
71201
71224
71228
71252
71287
71307
71310
71324
71325
71402
71405
71419
71440
71463
71471
71482
71487
71528
71542
71563
71569
71623
71630
71660
71668
71671
71673
71676
71685
71748
71754
71759
71766
71790
71796
71812
71819
71832
71843
71849
71850
71893
71904
71924
71933
71973
71988
71993
72004
72014
72023
72072
72080
72086
72108
72123
72127
72131
72158
72162
72217
72223
72232
72257
72265
72271
72296
72299
72328
72351
72353
72357
72362
72366
72377
72392
72393
72421
72451
72469
72480
72492
72515
72520
72528
72546
72549
72553
72602
72625
72646
72675
72683
72694
72720
72722
72741
72760
72785
72801
72841
72849
72873
72879
72883
72891
72894
72946
72966
72974
72990
73027
73066
73070
73071
73075
73080
73095
73130
73139
73182
73187
73234
73243
73269
73282
73321
73325
73334
73344
73371
73446
73447
73452
73464
73477
73508
73520
73525
73562
73570
73622
73640
73647
73662
73676
73679
73708
73716
73729
73743
73755
73760
73827
73852
73895
73914
73919
73982
73998
74000
74007
74010
74013
74019
74036
74051
74055
74068
74094
74140
74155
74159
74205
74210
74228
74254
74263
74269
74284
74319
74386
74408
74425
74432
74450
74454
74470
74497
74517
74537
74547
74589
74597
74602
74608
74682
74698
74703
74716
74719
74720
74808
74815
74819
74866
74876
74913
74919
74929
74933
74946
74960
74970
74979
74998
75009
75021
75024
75068
75070
75074
75083
75120
75138
75193
75218
75237
75242
75251
75262
75278
75339
75340
75344
75385
75388
75412
75417
75432
75443
75451
75479
75504
75518
75558
75568
75657
75673
75677
75686
75717
75721
75732
75733
75742
75749
75757
75764
75841
75858
75859
75868
75876
75884
75887
75890
75897
75911
75925
75930
75940
75962
75975
76004
76009
76043
76082
76093
76114
76119
76128
76134
76144
76157
76194
76197
76215
76221
76226
76274
76275
76281
76295
76299
76340
76362
76371
76374
76422
76429
76504
76508
76516
76522
76539
76548
76565
76579
76605
76623
76655
76661
76683
76692
76695
76699
76706
76715
76724
76725
76741
76746
76752
76759
76789
76797
76822
76833
76843
76845
76987
77000
77001
77006
77026
77094
77104
77167
77171
77182
77212
77242
77274
77293
77334
77337
77351
77370
77378
77386
77388
77409
77430
77440
77450
77476
77488
77514
77530
77538
77599
77609
77629
77660
77662
77681
77696
77699
77711
77729
77736
77767
77788
77811
77815
77976
77986
78009
78010
78025
78028
78043
78066
78075
78086
78101
78109
78187
78190
78209
78227
78240
78243
78268
78274
78283
78292
78301
78312
78315
78367
78381
78382
78438
78446
78454
78505
78507
78518
78521
78534
78538
78552
78572
78592
78646
78649
78671
78690
78694
78710
78712
78723
78745
78765
78883
78887
78909
78927
78930
78937
78941
78947
78953
79008
79014
79064
79087
79110
79119
79132
79154
79172
79176
79196
79208
79227
79237
79252
79281
79309
79326
79383
79392
79419
79446
79477
79484
79487
79499
79501
79515
79519
79538
79545
79556
79558
79583
79612
79622
79658
79678
79710
79727
79773
79775
79783
79794
79817
79847
79879
79883
79892
79914
79928
79930
79936
79958
79999
80000
80034
80055
80062
80064
80071
80114
80126
80139
80185
80187
80208
80209
80214
80232
80240
80251
80272
80273
80286
80287
80294
80307
80311
80315
80341
80342
80357
80359
80375
80387
80413
80475
80478
80484
80492
80504
80527
80531
80543
80557
80588
80643
80648
80662
80675
80678
80683
80694
80700
80706
80736
80748
80775
80787
80796
80812
80814
80819
80837
80875
80881
80886
80899
80935
80938
80954
80957
81002
81010
81016
81033
81035
81040
81042
81062
81130
81154
81223
81232
81238
81247
81251
81272
81334
81354
81407
81412
81428
81430
81439
81446
81449
81458
81468
81484
81509
81517
81518
81538
81556
81574
81586
81587
81598
81612
81617
81628
81654
81683
81718
81719
81726
81741
81777
81779
81793
81855
81882
81908
81920
81991
82015
82024
82033
82036
82039
82054
82059
82073
82074
82085
82092
82103
82109
82116
82118
82226
82235
82244
82256
82263
82278
82284
82302
82350
82357
82385
82401
82428
82471
82505
82507
82514
82588
82598
82599
82615
82617
82629
82676
82686
82689
82695
82747
82748
82752
82761
82763
82778
82780
82784
82796
82807
82839
82847
82852
82905
82943
82970
82973
82978
83020
83032
83046
83079
83090
83119
83157
83212
83221
83248
83249
83256
83272
83273
83283
83291
83301
83324
83334
83341
83352
83375
83389
83394
83400
83408
83414
83427
83441
83449
83494
83501
83515
83534
83554
83574
83586
83603
83604
83612
83670
83675
83722
83739
83762
83788
83791
83830
83838
83847
83848
83853
83861
83867
83868
83880
83886
83891
83897
83927
83933
83943
83965
83986
84018
84030
84074
84092
84114
84123
84136
84142
84150
84160
84163
84181
84183
84260
84272
84347
84360
84368
84372
84394
84409
84424
84444
84448
84451
84458
84479
84504
84511
84523
84526
84537
84562
84569
84579
84581
84587
84637
84638
84641
84679
84685
84711
84725
84748
84759
84764
84773
84792
84804
84808
84830
84844
84873
84877
84930
84937
84940
84943
84960
84961
84979
84986
84993
84997
85072
85076
85086
85091
85098
85108
85117
85130
85134
85178
85208
85217
85247
85261
85268
85271
85280
85283
85305
85323
85385
85387
85390
85413
85415
85420
85458
85472
85550
85557
85561
85565
85567
85578
85586
85624
85629
85637
85654
85655
85681
85683
85689
85708
85717
85749
85789
85804
85823
85832
85858
85866
85874
85883
85890
85894
85963
85977
86049
86063
86144
86155
86162
86164
86168
86169
86178
86182
86183
86230
86249
86275
86335
86351
86364
86374
86384
86400
86422
86439
86441
86447
86449
86476
86509
86530
86544
86550
86554
86557
86588
86605
86622
86671
86687
86741
86760
86779
86811
86814
86818
86857
86873
86880
86887
86954
86958
86965
86980
87011
87015
87082
87099
87113
87119
87153
87157
87200
87203
87209
87224
87274
87306
87315
87319
87324
87344
87358
87369
87405
87453
87462
87497
87503
87525
87539
87543
87549
87573
87590
87616
87628
87638
87645
87654
87658
87705
87713
87718
87723
87742
87759
87897
87905
87954
87956
87960
87970
87977
87978
87996
88006
88013
88101
88113
88139
88148
88160
88170
88185
88202
88224
88235
88271
88273
88274
88279
88290
88293
88304
88320
88326
88331
88353
88366
88369
88399
88401
88408
88497
88508
88526
88529
88539
88549
88570
88592
88601
88615
88675
88691
88723
88740
88758
88776
88783
88810
88824
88829
88845
88851
88873
88903
88915
88939
88948
88961
88974
88981
88985
88995
89000
89005
89006
89032
89038
89044
89054
89067
89074
89094
89116
89145
89158
89187
89194
89259
89269
89275
89291
89306
89321
89333
89338
89349
89361
89379
89390
89400
89410
89461
89487
89512
89526
89540
89552
89570
89579
89583
89619
89622
89677
89683
89686
89691
89709
89729
89736
89777
89783
89792
89803
89840
89841
89844
89848
89858
89864
89912
89925
89932
89968
89973
89999
90000
90020
90027
90032
90045
90053
90074
90085
90136
90159
90164
90175
90176
90184
90219
90227
90249
90264
90288
90325
90332
90359
90364
90387
90392
90399
90441
90465
90488
90543
90562
90570
90592
90601
90602
90607
90608
90655
90660
90669
90670
90678
90697
90727
90736
90746
90766
90798
90813
90857
90861
90875
90879
90908
90909
90920
90964
90970
90982
90985
91100
91109
91118
91123
91137
91140
91145
91207
91224
91231
91239
91251
91259
91268
91290
91295
91304
91318
91321
91349
91373
91377
91383
91441
91446
91492
91497
91520
91527
91530
91532
91540
91589
91603
91709
91713
91718
91735
91751
91764
91770
91799
91851
91861
91912
91925
91977
91984
91994
92004
92019
92042
92059
92071
92083
92141
92188
92203
92211
92219
92229
92242
92246
92260
92272
92288
92295
92307
92313
92336
92365
92375
92382
92393
92408
92411
92434
92441
92449
92455
92460
92476
92479
92485
92508
92587
92591
92701
92714
92734
92737
92739
92745
92772
92777
92875
92887
92949
92963
92995
93004
93039
93044
93056
93059
93111
93114
93124
93147
93160
93165
93176
93199
93212
93223
93287
93306
93322
93373
93386
93394
93398
93405
93429
93438
93473
93496
93526
93530
93545
93550
93639
93642
93654
93655
93674
93675
93699
93747
93774
93782
93789
93794
93796
93828
93836
93853
93885
93886
93893
93897
94001
94009
94021
94039
94064
94070
94095
94113
94159
94174
94184
94188
94190
94201
94219
94244
94250
94284
94295
94310
94323
94329
94352
94434
94477
94483
94503
94509
94512
94549
94555
94574
94581
94608
94629
94635
94657
94676
94694
94698
94716
94722
94723
94729
94774
94800
94817
94826
94846
94887
94894
94896
94909
94933
94985
94987
95005
95011
95037
95041
95056
95061
95112
95120
95122
95205
95215
95249
95253
95260
95262
95290
95317
95320
95323
95346
95354
95359
95363
95393
95410
95439
95476
95482
95505
95511
95563
95572
95597
95611
95626
95692
95700
95718
95744
95763
95769
95786
95827
95831
95855
95859
95862
95881
95888
95941
95967
95968
95971
95983
96034
96040
96086
96091
96127
96137
96175
96179
96201
96207
96222
96247
96253
96290
96295
96319
96324
96382
96414
96424
96460
96463
96521
96535
96557
96565
96575
96580
96599
96677
96683
96732
96748
96758
96841
96852
96862
96874
96886
96908
96937
96949
96958
96977
96979
96991
96993
97022
97058
97066
97144
97155
97187
97232
97248
97250
97270
97286
97289
97297
97312
97351
97383
97392
97400
97410
97421
97426
97431
97438
97481
97500
97508
97518
97528
97533
97558
97563
97623
97640
97643
97650
97670
97681
97690
97697
97723
97769
97771
97779
97787
97829
97833
97840
97867
97892
97913
97941
97954
97959
97978
97988
98019
98036
98051
98065
98077
98086
98092
98106
98150
98163
98177
98183
98185
98194
98208
98225
98259
98285
98292
98297
98302
98311
98351
98369
98371
98384
98387
98491
98495
98524
98567
98654
98659
98706
98712
98754
98761
98767
98801
98823
98829
98860
98870
98887
98910
98912
98930
98931
98948
98951
98975
99007
99012
99073
99080
99156
99169
99184
99233
99239
99271
99337
99348
99366
99369
99378
99380
99384
99385
99457
99464
99477
99488
99494
99506
99539
99545
99550
99552
99565
99604
99613
99628
99633
99637
99658
99664
99727
99729
99735
99747
99751
99761
99764
99779
99819
99837
99887
99901
99999
100000
100031
100034
100053
100073
100132
100167
100168
100175
100192
100197
100289
100296
100298
100306
100315
100321
100326
100359
100373
100422
100438
100448
100451
100471
100483
100495
100499
100502
100524
100538
100548
100551
100569
100575
100592
100599
100639
100669
100673
100676
100704
100749
100771
100784
100803
100816
100839
100842
100863
100873
100883
100888
100913
100926
100954
100957
100966
100973
100975
100999
101004
101014
101020
101027
101038
101114
101130
101138
101156
101170
101204
101238
101252
101256
101266
101298
101303
101310
101324
101338
101366
101394
101415
101428
101436
101448
101479
101489
101495
101522
101531
101542
101567
101571
101579
101589
101613
101629
101682
101704
101712
101740
101770
101797
101827
101840
101926
101933
101939
101969
101977
101985
102007
102035
102041
102042
102072
102099
102116
102124
102181
102195
102200
102210
102213
102216
102234
102246
102253
102258
102261
102267
102301
102310
102322
102331
102362
102365
102400
102441
102446
102468
102473
102474
102503
102510
102522
102541
102578
102592
102609
102610
102621
102635
102639
102646
102652
102693
102704
102712
102721
102731
102734
102745
102755
102782
102790
102807
102823
102845
102855
102859
102867
102877
102885
102953
102968
102969
102979
102992
103008
103018
103022
103090
103119
103124
103164
103196
103201
103216
103217
103251
103270
103280
103310
103376
103392
103396
103406
103407
103423
103424
103436
103441
103447
103481
103513
103520
103531
103557
103565
103638
103648
103673
103702
103754
103762
103787
103790
103797
103808
103811
103813
103827
103832
103852
103856
103864
103868
103871
103907
103908
103913
103915
103954
103963
103973
103978
103988
103993
104003
104007
104107
104122
104173
104178
104189
104191
104193
104200
104268
104285
104339
104352
104373
104376
104394
104406
104427
104446
104455
104487
104521
104531
104543
104546
104581
104584
104595
104667
104702
104706
104709
104717
104727
104733
104746
104750
104765
104779
104786
104795
104812
104822
104825
104881
104907
104911
104928
104934
104935
104966
104988
104991
105016
105031
105037
105058
105103
105109
105153
105157
105206
105213
105280
105293
105295
105297
105313
105328
105336
105393
105412
105468
105479
105498
105521
105525
105564
105569
105581
105592
105646
105657
105676
105680
105754
105793
105821
105840
105843
105847
105874
105876
105882
105883
105893
105902
105905
105922
105979
105990
105996
105999
106002
106007
106023
106036
106063
106073
106078
106102
106169
106174
106217
106238
106248
106261
106285
106289
106354
106403
106425
106436
106440
106441
106469
106478
106487
106516
106533
106538
106684
106694
106698
106716
106720
106786
106804
106851
106861
106869
106884
106890
106902
106917
107001
107011
107047
107052
107062
107086
107099
107109
107122
107143
107157
107161
107181
107197
107201
107251
107261
107295
107313
107349
107358
107367
107393
107402
107406
107412
107421
107424
107435
107438
107499
107506
107508
107558
107563
107585
107593
107599
107632
107639
107645
107656
107683
107688
107699
107703
107726
107735
107865
107872
107915
107927
107978
107984
108021
108032
108039
108051
108054
108062
108112
108117
108149
108153
108176
108188
108192
108208
108235
108244
108252
108269
108274
108283
108284
108291
108295
108305
108312
108365
108378
108401
108411
108423
108444
108474
108565
108568
108578
108592
108617
108627
108632
108714
108724
108736
108743
108746
108755
108769
108784
108827
108839
108841
108859
108866
108868
108927
108931
108953
108954
108962
108965
108990
108997
109034
109043
109118
109153
109169
109174
109182
109187
109188
109223
109227
109239
109244
109303
109306
109307
109325
109357
109467
109517
109546
109558
109563
109637
109652
109666
109731
109737
109752
109769
109824
109831
109841
109842
109844
109867
109871
109872
109882
109886
109895
109966
109975
109991
109999
110000
110014
110017
110024
110063
110079
110086
110094
110100
110111
110122
110125
110146
110153
110201
110207
110259
110271
110275
110292
110298
110321
110330
110364
110373
110399
110405
110441
110443
110447
110463
110507
110518
110523
110541
110578
110591
110605
110623
110625
110647
110654
110659
110708
110714
110719
110724
110763
110813
110825
110928
110945
110973
110974
110997
111060
111064
111067
111092
111096
111116
111143
111150
111169
111211
111215
111221
111233
111292
111312
111324
111329
111343
111376
111381
111383
111391
111418
111426
111449
111455
111459
111466
111471
111475
111496
111497
111502
111511
111571
111588
111603
111605
111667
111672
111713
111727
111739
111789
111818
111896
111906
111943
111946
111949
111958
112030
112044
112078
112086
112114
112145
112178
112181
112187
112207
112221
112238
112245
112246
112310
112311
112313
112315
112328
112342
112380
112384
112396
112399
112425
112468
112476
112514
112522
112546
112549
112609
112624
112679
112684
112688
112701
112712
112722
112735
112749
112779
112782
112792
112829
112843
112899
112904
112909
112918
112938
112951
112956
112959
113008
113012
113018
113025
113028
113030
113068
113074
113085
113088
113130
113171
113211
113214
113234
113252
113306
113312
113334
113368
113382
113396
113410
113422
113439
113442
113445
113447
113468
113482
113508
113528
113566
113580
113588
113616
113626
113648
113652
113655
113674
113726
113737
113769
113775
113846
113857
113886
113894
113919
113928
113949
113960
113971
113990
113994
113995
114055
114065
114078
114088
114095
114116
114122
114126
114134
114148
114153
114213
114217
114251
114271
114283
114305
114326
114331
114333
114358
114411
114412
114434
114437
114454
114469
114515
114526
114527
114583
114596
114619
114640
114647
114668
114679
114728
114735
114751
114753
114771
114779
114796
114814
114822
114838
114846
114868
114874
114893
114905
114972
114985
114994
115021
115027
115034
115047
115100
115106
115127
115145
115170
115182
115196
115203
115231
115271
115290
115296
115319
115323
115339
115364
115369
115380
115387
115461
115477
115507
115510
115520
115535
115557
115565
115618
115632
115639
115647
115681
115687
115692
115700
115831
115848
115849
115853
115861
115874
115889
115897
115912
115919
115951
115955
115972
115979
115983
115991
116010
116023
116029
116071
116082
116146
116149
116161
116163
116167
116172
116191
116200
116217
116221
116235
116262
116266
116287
116321
116332
116362
116376
116387
116462
116464
116473
116499
116501
116505
116507
116537
116544
116599
116603
116606
116607
116617
116647
116709
116719
116771
116776
116783
116784
116794
116796
116803
116825
116833
116902
116969
116979
116990
116999
117029
117036
117054
117060
117068
117179
117180
117188
117247
117260
117263
117276
117288
117290
117294
117372
117379
117389
117406
117412
117414
117415
117428
117431
117504
117506
117510
117513
117558
117571
117577
117581
117646
117647
117734
117750
117780
117783
117801
117812
117819
117823
117859
117863
117882
117955
117967
117975
118008
118018
118028
118040
118047
118071
118077
118103
118110
118121
118140
118151
118159
118162
118170
118191
118193
118212
118221
118245
118246
118251
118254
118299
118316
118323
118336
118348
118400
118412
118427
118447
118450
118459
118477
118501
118521
118536
118541
118567
118573
118575
118618
118624
118632
118662
118668
118718
118720
118727
118741
118750
118757
118758
118771
118782
118855
118868
118880
118887
119012
119029
119033
119034
119178
119200
119224
119252
119254
119255
119282
119296
119309
119341
119358
119377
119389
119392
119420
119432
119441
119488
119503
119511
119547
119609
119612
119613
119617
119679
119698
119714
119716
119725
119751
119762
119797
119800
119829
119835
119841
119856
119861
119867
119869
119941
119970
119979
119994
119999
120000
120005
120013
120036
120049
120073
120076
120093
120114
120164
120194
120200
120220
120258
120282
120292
120310
120325
120341
120363
120374
120400
120404
120410
120427
120467
120485
120499
120504
120556
120578
120583
120584
120632
120635
120659
120666
120674
120681
120755
120768
120789
120803
120832
120851
120922
120964
120966
120986
121025
121030
121058
121066
121079
121091
121102
121106
121119
121134
121139
121159
121175
121178
121197
121212
121226
121246
121324
121337
121343
121364
121387
121399
121427
121477
121485
121488
121514
121564
121613
121621
121622
121634
121649
121656
121668
121749
121759
121770
121792
121818
121834
121939
121985
121991
122008
122023
122078
122096
122101
122109
122125
122130
122144
122167
122184
122202
122221
122265
122268
122287
122300
122309
122314
122320
122362
122383
122399
122412
122433
122465
122503
122508
122525
122528
122542
122555
122557
122565
122569
122604
122615
122686
122695
122696
122701
122703
122721
122727
122738
122741
122763
122767
122783
122796
122865
122874
122877
122907
122914
122922
122935
122969
122973
122978
122983
122992
123003
123016
123021
123029
123127
123133
123157
123163
123193
123199
123202
123228
123249
123274
123287
123291
123297
123369
123376
123383
123402
123405
123422
123435
123453
123459
123487
123488
123491
123530
123559
123565
123699
123706
123744
123763
123769
123813
123834
123839
123921
123932
123937
123940
123953
123954
123974
123977
124002
124003
124022
124034
124095
124113
124131
124144
124145
124147
124158
124170
124171
124174
124205
124213
124268
124279
124286
124291
124308
124320
124356
124362
124385
124392
124412
124441
124522
124537
124556
124570
124595
124604
124610
124626
124629
124659
124673
124693
124702
124714
124735
124778
124796
124811
124816
124830
124842
124888
124915
124927
124938
124949
124953
124973
124980
125021
125056
125098
125100
125117
125124
125158
125181
125196
125199
125255
125262
125312
125347
125356
125398
125415
125449
125456
125457
125463
125509
125524
125529
125628
125633
125665
125667
125678
125681
125709
125718
125742
125764
125790
125811
125849
125862
125880
125899
125900
125907
125917
125933
125967
125993
126002
126007
126012
126028
126038
126066
126080
126084
126090
126095
126096
126214
126224
126243
126260
126263
126266
126269
126300
126314
126388
126393
126433
126457
126476
126478
126495
126499
126519
126565
126577
126609
126616
126715
126718
126743
126750
126781
126788
126792
126845
126851
126856
126871
126875
126921
126926
127012
127013
127016
127023
127049
127153
127207
127213
127220
127225
127228
127274
127281
127287
127291
127304
127333
127346
127366
127404
127447
127457
127478
127493
127553
127559
127580
127585
127620
127647
127652
127682
127687
127735
127748
127756
127759
127814
127850
127858
127912
127913
127917
127928
127956
127966
128025
128031
128087
128099
128139
128150
128166
128168
128171
128177
128237
128241
128263
128286
128290
128303
128312
128336
128357
128392
128400
128420
128424
128425
128439
128455
128463
128508
128539
128547
128560
128577
128592
128594
128606
128630
128676
128681
128715
128723
128736
128739
128743
128753
128811
128825
128829
128835
128871
128883
128887
128899
128929
128934
128955
128996
129006
129024
129059
129070
129076
129090
129100
129165
129169
129183
129211
129213
129219
129449
129466
129544
129553
129566
129575
129578
129579
129612
129623
129649
129651
129653
129659
129723
129740
129745
129750
129784
129793
129806
129811
129850
129863
129890
129999
130000
130022
130028
130035
130047
130054
130063
130078
130100
130132
130152
130169
130180
130184
130219
130231
130268
130286
130294
130298
130304
130326
130337
130390
130410
130430
130444
130491
130502
130503
130512
130525
130552
130611
130614
130618
130622
130639
130643
130651
130685
130690
130697
130701
130709
130719
130731
130739
130785
130795
130798
130801
130821
130825
130846
130855
130891
131001
131006
131062
131072
131099
131104
131128
131139
131153
131165
131166
131176
131194
131260
131275
131306
131313
131324
131343
131351
131374
131380
131404
131409
131411
131431
131437
131440
131441
131450
131451
131453
131500
131513
131528
131542
131545
131553
131563
131564
131579
131580
131584
131585
131630
131637
131649
131651
131661
131667
131686
131691
131712
131731
131732
131736
131773
131779
131787
131794
131849
131860
131875
131881
131925
131940
131955
131963
131976
131990
131995
131999
132046
132059
132074
132091
132109
132114
132162
132166
132212
132219
132225
132229
132405
132412
132428
132448
132463
132472
132520
132531
132579
132585
132626
132647
132671
132676
132682
132691
132701
132725
132744
132746
132749
132763
132766
132786
132814
132831
132841
132850
132851
132868
132880
132884
132896
132923
132933
132954
132961
132971
132991
133009
133016
133033
133063
133126
133184
133213
133244
133251
133299
133300
133303
133310
133329
133334
133361
133392
133400
133415
133437
133456
133462
133463
133507
133512
133538
133576
133603
133633
133641
133674
133680
133692
133703
133708
133713
133743
133756
133763
133785
133803
133814
133821
133827
133862
133871
133895
133916
133923
133924
133930
133956
133974
133979
133992
133999
134007
134013
134031
134080
134084
134105
134112
134197
134207
134236
134256
134265
134267
134270
134275
134325
134341
134356
134372
134387
134394
134405
134412
134466
134473
134560
134565
134568
134584
134586
134589
134590
134597
134629
134632
134643
134705
134712
134745
134753
134770
134776
134796
134818
134886
134887
134990
134997
135002
135015
135033
135040
135049
135061
135084
135092
135103
135107
135108
135129
135135
135142
135160
135162
135168
135172
135181
135192
135194
135197
135228
135233
135242
135253
135300
135305
135372
135383
135385
135398
135400
135417
135476
135479
135497
135509
135516
135554
135564
135568
135596
135606
135669
135674
135675
135682
135694
135718
135724
135773
135797
135812
135819
135822
135873
135910
135911
135917
135922
135927
135928
135954
135972
135980
135985
136015
136024
136031
136043
136058
136066
136089
136095
136175
136181
136184
136198
136212
136248
136250
136262
136283
136333
136361
136387
136390
136434
136439
136453
136489
136506
136518
136524
136533
136551
136559
136584
136607
136641
136644
136647
136648
136692
136695
136697
136719
136732
136737
136778
136782
136788
136790
136800
136831
136835
136845
136850
136862
136911
136927
136941
136976
137001
137007
137033
137039
137048
137053
137059
137068
137069
137097
137111
137139
137183
137197
137233
137256
137284
137298
137312
137314
137319
137343
137368
137377
137389
137407
137433
137436
137449
137458
137467
137471
137503
137508
137509
137514
137530
137533
137546
137551
137627
137632
137634
137642
137664
137679
137694
137709
137713
137725
137733
137777
137816
137823
137836
137858
137895
137921
137939
137995
138008
138012
138025
138041
138046
138073
138086
138105
138115
138120
138137
138173
138229
138243
138306
138315
138331
138340
138359
138405
138412
138425
138437
138447
138452
138458
138466
138498
138504
138509
138514
138539
138559
138611
138625
138636
138637
138640
138659
138675
138698
138707
138727
138759
138801
138811
138825
138827
138840
138850
138867
138896
138903
138936
138939
138942
138963
138966
138978
139055
139062
139117
139126
139144
139146
139191
139225
139234
139244
139249
139296
139311
139377
139388
139435
139439
139466
139483
139494
139523
139568
139578
139580
139620
139630
139636
139646
139652
139668
139680
139684
139692
139716
139726
139741
139776
139778
139791
139810
139830
139841
139859
139870
139875
139918
139922
139944
139948
139953
139994
139999
140000
140037
140049
140062
140109
140117
140155
140160
140173
140188
140219
140230
140242
140253
140259
140269
140281
140298
140341
140345
140388
140389
140396
140461
140473
140516
140523
140538
140551
140554
140557
140570
140632
140635
140653
140659
140673
140692
140729
140736
140739
140740
140745
140750
140756
140770
140773
140774
140799
140804
140818
140828
140855
140986
140992
141001
141013
141024
141040
141045
141055
141077
141100
141104
141165
141173
141220
141233
141247
141256
141258
141352
141353
141359
141365
141379
141388
141406
141410
141416
141439
141449
141454
141476
141480
141534
141542
141566
141573
141611
141615
141639
141648
141686
141689
141695
141701
141704
141741
141770
141772
141773
141781
141809
141822
141829
141873
141878
141889
141890
141931
141934
141956
141974
141984
141996
142009
142055
142067
142072
142074
142089
142093
142094
142124
142130
142135
142174
142193
142254
142258
142283
142295
142299
142303
142313
142318
142325
142385
142402
142462
142465
142480
142493
142499
142512
142530
142535
142588
142600
142612
142642
142648
142679
142685
142688
142689
142745
142747
142764
142783
142787
142801
142843
142846
142849
142853
142895
142909
142935
142941
142958
142961
142967
142983
142988
142991
142994
143021
143023
143035
143036
143044
143148
143151
143154
143165
143175
143199
143211
143220
143226
143227
143233
143239
143242
143269
143281
143292
143304
143320
143348
143367
143410
143426
143433
143475
143482
143543
143553
143554
143567
143586
143599
143624
143639
143649
143661
143664
143673
143686
143699
143719
143735
143873
143920
143932
143936
144027
144035
144040
144044
144047
144050
144057
144083
144092
144100
144101
144113
144141
144181
144192
144195
144229
144233
144248
144300
144305
144329
144340
144349
144356
144357
144381
144413
144457
144463
144466
144537
144567
144581
144602
144632
144641
144660
144677
144698
144705
144740
144756
144761
144776
144787
144803
144818
144850
144856
144879
144885
144897
144901
144902
144957
144982
144989
145003
145023
145028
145051
145054
145064
145068
145144
145147
145185
145193
145220
145255
145306
145321
145365
145372
145383
145387
145403
145410
145413
145431
145451
145509
145515
145518
145521
145534
145545
145549
145560
145579
145615
145624
145626
145686
145688
145699
145743
145809
145827
145837
145852
145857
145863
145888
145907
145917
145927
145952
145970
145986
146004
146005
146010
146016
146045
146054
146072
146084
146090
146096
146146
146182
146194
146203
146213
146230
146232
146238
146240
146266
146271
146411
146415
146423
146441
146450
146451
146462
146471
146524
146528
146546
146553
146560
146596
146610
146627
146632
146635
146646
146654
146656
146659
146671
146700
146701
146765
146809
146836
146840
146843
146861
146865
146868
146893
146896
146901
146905
146916
146922
146926
146927
146937
146999
147023
147034
147051
147076
147088
147098
147100
147118
147133
147172
147185
147208
147218
147239
147250
147292
147306
147314
147317
147355
147358
147379
147415
147421
147436
147437
147449
147484
147495
147501
147550
147558
147597
147604
147606
147613
147631
147650
147659
147702
147750
147789
147794
147797
147798
147825
147832
147856
147864
147871
147911
147916
147955
147979
147999
148005
148029
148038
148042
148054
148056
148090
148093
148107
148117
148149
148150
148161
148180
148201
148206
148215
148222
148231
148237
148328
148365
148390
148410
148427
148444
148450
148475
148511
148520
148523
148541
148549
148562
148573
148584
148595
148603
148606
148608
148646
148670
148687
148688
148691
148695
148741
148751
148776
148792
148808
148812
148825
148833
148836
148840
148846
148852
148868
148880
148888
148891
148896
148901
148918
148930
148937
148963
148969
148972
148995
149062
149074
149090
149102
149123
149129
149196
149208
149221
149226
149247
149250
149284
149298
149312
149328
149349
149361
149370
149375
149379
149455
149464
149491
149496
149552
149557
149651
149712
149735
149744
149752
149759
149768
149770
149775
149780
149786
149842
149877
149885
149906
149917
149925
149926
149928
149944
149950
149986
149990
149991
149999
150000
150013
150026
150104
150117
150185
150207
150227
150233
150268
150288
150318
150331
150404
150406
150409
150414
150429
150445
150461
150509
150518
150601
150618
150625
150653
150656
150669
150692
150706
150733
150814
150833
150844
150849
150883
150889
150896
150900
150905
150920
150924
150946
150953
150978
150988
150999
151028
151043
151050
151095
151113
151128
151149
151277
151285
151295
151329
151334
151386
151398
151413
151421
151434
151439
151449
151453
151596
151605
151639
151664
151665
151679
151687
151698
151708
151723
151733
151767
151770
151787
151828
151836
151856
151947
151954
151970
151974
151989
152006
152021
152025
152031
152034
152041
152064
152111
152117
152125
152161
152166
152228
152237
152270
152292
152297
152302
152308
152313
152319
152337
152352
152364
152379
152407
152412
152486
152490
152524
152559
152566
152572
152580
152588
152604
152609
152616
152640
152641
152657
152713
152741
152750
152772
152788
152816
152878
152907
152940
152944
152976
153047
153053
153084
153091
153100
153126
153129
153149
153163
153175
153191
153199
153228
153238
153244
153250
153262
153272
153308
153329
153363
153373
153404
153410
153420
153428
153439
153466
153476
153479
153513
153520
153571
153588
153592
153607
153639
153655
153747
153752
153764
153767
153784
153805
153809
153813
153826
153829
153832
153843
153848
153883
153900
153905
153947
153951
153973
153977
153982
153992
154029
154036
154038
154064
154085
154090
154152
154185
154191
154280
154281
154287
154290
154340
154362
154437
154450
154473
154483
154492
154496
154510
154536
154552
154555
154613
154627
154636
154641
154642
154650
154654
154661
154680
154699
154707
154730
154740
154746
154776
154786
154789
154792
154799
154804
154821
154825
154826
154835
154868
154879
154914
154922
154965
154972
154982
154994
155009
155058
155074
155084
155092
155109
155207
155216
155224
155262
155265
155302
155312
155318
155320
155344
155347
155362
155369
155370
155375
155377
155425
155501
155510
155513
155551
155603
155609
155628
155640
155675
155682
155701
155704
155718
155723
155734
155872
155885
155891
155903
155913
155936
155966
155969
155981
155983
155990
156013
156015
156021
156026
156070
156074
156080
156095
156120
156144
156172
156177
156180
156183
156219
156230
156245
156246
156257
156279
156284
156398
156408
156409
156419
156424
156438
156464
156482
156498
156548
156576
156588
156599
156603
156638
156652
156653
156723
156726
156759
156761
156769
156794
156803
156813
156831
156862
156885
156913
156917
156966
156987
157013
157032
157070
157086
157089
157091
157126
157138
157216
157221
157261
157272
157291
157293
157297
157301
157310
157348
157362
157371
157384
157458
157494
157508
157513
157580
157583
157654
157663
157691
157728
157778
157788
157798
157813
157831
157835
157857
157860
157872
157892
157902
157946
157953
157956
157963
157975
157990
157991
158006
158019
158046
158054
158063
158074
158080
158085
158101
158102
158107
158111
158127
158128
158152
158174
158191
158223
158269
158274
158335
158356
158358
158382
158396
158429
158432
158436
158445
158448
158452
158454
158458
158471
158481
158520
158552
158566
158574
158616
158629
158650
158668
158682
158685
158731
158741
158752
158758
158774
158779
158783
158801
158818
158835
158854
158876
158888
158900
158929
158947
158956
158999
159007
159026
159034
159079
159084
159108
159122
159133
159198
159231
159233
159238
159255
159263
159298
159308
159344
159351
159368
159375
159397
159424
159461
159462
159467
159471
159486
159522
159562
159579
159615
159621
159636
159744
159747
159794
159808
159849
159853
159881
159887
159894
159902
159908
159915
159919
159939
159949
159999
160000
160007
160016
160026
160040
160091
160102
160117
160146
160176
160179
160187
160211
160247
160253
160290
160321
160340
160345
160359
160363
160392
160399
160429
160440
160483
160489
160496
160500
160514
160517
160531
160560
160567
160597
160598
160614
160630
160641
160644
160647
160663
160665
160672
160691
160782
160785
160794
160832
160848
160913
160924
160977
160981
160988
161040
161070
161086
161105
161118
161125
161128
161163
161168
161185
161229
161236
161245
161270
161277
161308
161408
161419
161442
161452
161459
161468
161471
161472
161533
161534
161541
161545
161562
161567
161572
161579
161593
161622
161652
161664
161755
161766
161784
161786
161792
161794
161847
161863
161867
161889
161905
161915
161922
161935
161939
161975
161981
161988
162010
162022
162029
162030
162045
162052
162055
162074
162082
162087
162126
162158
162166
162179
162185
162199
162274
162277
162317
162319
162350
162396
162419
162421
162424
162458
162484
162490
162495
162498
162504
162510
162526
162535
162537
162572
162596
162600
162635
162638
162652
162708
162744
162745
162759
162769
162788
162793
162824
162837
162842
162845
162848
162918
162921
162925
162938
162974
162975
162999
163002
163012
163026
163033
163101
163109
163134
163141
163145
163188
163195
163221
163243
163252
163260
163275
163278
163285
163312
163343
163376
163387
163398
163407
163422
163427
163436
163442
163516
163531
163553
163554
163608
163656
163674
163688
163695
163774
163780
163793
163798
163848
163855
163887
163911
163922
163927
163959
163979
164002
164006
164036
164042
164054
164062
164100
164105
164114
164124
164136
164143
164160
164191
164241
164263
164284
164292
164310
164343
164350
164366
164434
164455
164456
164476
164477
164483
164504
164505
164509
164540
164545
164553
164570
164575
164639
164642
164649
164664
164700
164703
164740
164775
164803
164820
164878
164881
164918
164947
164962
165014
165042
165119
165125
165216
165219
165228
165265
165306
165313
165347
165462
165463
165467
165477
165494
165497
165533
165562
165575
165636
165641
165656
165676
165760
165775
165794
165806
165840
165887
165897
165907
165916
165923
165956
165960
165984
165990
166040
166064
166100
166120
166224
166238
166243
166268
166279
166288
166298
166317
166321
166364
166370
166376
166387
166394
166396
166412
166414
166417
166452
166500
166511
166522
166568
166571
166583
166613
166697
166702
166705
166734
166749
166759
166774
166783
166801
166808
166815
166826
166841
166846
166886
166906
166945
166962
166965
166980
166991
167019
167022
167059
167064
167066
167083
167090
167129
167134
167210
167218
167223
167225
167301
167313
167328
167368
167371
167391
167394
167409
167411
167413
167420
167423
167430
167436
167450
167460
167463
167476
167531
167561
167565
167587
167598
167606
167624
167632
167646
167654
167696
167708
167715
167728
167774
167780
167785
167791
167792
167808
167816
167821
167831
167832
167894
167900
167923
167937
167947
168024
168047
168055
168078
168081
168091
168122
168144
168149
168151
168212
168223
168232
168238
168295
168299
168322
168336
168364
168366
168378
168379
168391
168405
168406
168420
168423
168430
168433
168459
168501
168506
168574
168592
168616
168632
168635
168652
168664
168678
168681
168690
168721
168733
168764
168775
168804
168806
168817
168821
168825
168842
168846
168858
168865
168889
168892
168940
168954
168977
169023
169030
169077
169106
169144
169148
169156
169158
169168
169200
169281
169298
169300
169332
169341
169355
169360
169362
169366
169400
169407
169412
169423
169429
169435
169465
169479
169481
169494
169498
169545
169553
169562
169563
169582
169594
169599
169654
169667
169676
169711
169718
169727
169743
169758
169767
169775
169784
169786
169795
169808
169831
169837
169868
169872
169923
169928
169974
169985
169993
169999
170000
170005
170008
170016
170038
170169
170179
170246
170322
170332
170341
170352
170366
170385
170393
170403
170419
170429
170439
170449
170473
170483
170484
170499
170622
170632
170699
170709
170720
170734
170743
170744
170911
170914
170920
170963
170978
170983
171009
171039
171055
171066
171093
171099
171106
171117
171169
171173
171177
171199
171213
171254
171277
171289
171292
171310
171311
171330
171335
171391
171402
171410
171417
171421
171427
171532
171556
171560
171579
171600
171608
171632
171640
171666
171672
171697
171709
171735
171739
171766
171779
171806
171827
171835
171854
171858
171870
171878
171879
171884
171928
171933
171938
171944
171958
171965
171983
171984
172037
172063
172072
172100
172123
172141
172164
172236
172245
172259
172264
172269
172274
172364
172390
172411
172415
172439
172455
172493
172509
172511
172524
172539
172565
172574
172607
172610
172647
172652
172665
172669
172670
172686
172697
172720
172743
172755
172758
172802
172810
172829
172833
172835
172841
172868
172872
172889
172895
172896
172927
172979
173040
173043
173053
173069
173094
173095
173098
173108
173123
173166
173177
173280
173329
173364
173398
173403
173414
173419
173422
173427
173440
173446
173453
173458
173480
173487
173520
173533
173534
173540
173575
173585
173637
173640
173655
173660
173674
173675
173678
173685
173721
173728
173741
173756
173767
173774
173776
173793
173851
173861
173874
173913
173924
173928
173933
173951
173963
173969
174007
174023
174032
174039
174061
174092
174156
174160
174167
174179
174187
174190
174194
174202
174207
174217
174269
174299
174329
174342
174361
174372
174378
174380
174388
174393
174401
174406
174421
174423
174438
174439
174448
174470
174478
174482
174492
174508
174522
174536
174601
174657
174672
174711
174720
174756
174769
174778
174799
174840
174843
174851
174852
174863
174868
174904
174908
174929
174934
174943
174953
174956
174967
174971
174990
175022
175026
175058
175115
175143
175150
175151
175160
175168
175172
175183
175224
175234
175250
175251
175262
175267
175269
175284
175294
175299
175302
175308
175318
175330
175335
175375
175396
175486
175494
175501
175506
175518
175532
175534
175553
175554
175566
175584
175589
175593
175601
175603
175611
175619
175632
175640
175646
175658
175662
175688
175708
175712
175735
175792
175795
175808
175811
175820
175854
175855
175888
175892
175936
175945
175953
175999
176004
176017
176028
176080
176123
176134
176166
176170
176251
176258
176281
176288
176292
176319
176320
176326
176333
176353
176357
176360
176367
176368
176394
176403
176409
176436
176445
176446
176498
176499
176507
176517
176546
176557
176560
176573
176594
176615
176621
176627
176643
176654
176727
176732
176747
176749
176759
176760
176835
176839
176948
176953
176971
176973
176977
176985
177024
177038
177045
177061
177068
177085
177096
177104
177134
177154
177250
177269
177290
177293
177296
177357
177360
177389
177395
177397
177404
177450
177463
177476
177485
177491
177506
177513
177574
177601
177644
177660
177669
177690
177695
177717
177740
177746
177759
177798
177824
177844
177865
177877
177923
177931
177935
177978
177995
178012
178017
178055
178078
178086
178111
178128
178136
178182
178189
178212
178214
178222
178262
178265
178281
178308
178311
178314
178322
178338
178360
178373
178387
178394
178519
178523
178554
178560
178627
178637
178709
178721
178738
178740
178782
178788
178809
178821
178840
178854
178867
178895
178905
178909
178946
178966
178969
179042
179044
179049
179118
179141
179144
179150
179158
179164
179188
179237
179257
179293
179315
179344
179360
179377
179383
179424
179429
179512
179515
179527
179539
179549
179566
179573
179618
179648
179650
179657
179678
179692
179781
179782
179790
179829
179841
179850
179876
179951
179958
179960
179963
179990
179991
179999
180000
180019
180063
180077
180093
180107
180126
180129
180134
180136
180143
180150
180170
180175
180211
180241
180258
180277
180285
180290
180297
180308
180331
180338
180352
180359
180368
180395
180413
180477
180503
180505
180513
180553
180555
180566
180619
180624
180675
180693
180695
180704
180714
180730
180737
180748
180776
180785
180792
180799
180820
180827
180908
180918
180947
180953
180991
181000
181004
181037
181041
181068
181071
181077
181081
181082
181108
181110
181127
181178
181187
181205
181242
181247
181257
181268
181281
181299
181347
181354
181362
181381
181402
181424
181443
181560
181584
181611
181620
181691
181697
181707
181733
181741
181742
181744
181766
181776
181788
181798
181800
181816
181821
181834
181850
181855
181861
181867
181872
181905
181916
181955
181964
181972
181983
182019
182059
182064
182113
182132
182137
182141
182144
182160
182209
182210
182214
182274
182278
182283
182310
182354
182360
182370
182373
182404
182412
182424
182428
182436
182441
182498
182511
182561
182592
182595
182631
182638
182641
182647
182656
182662
182674
182684
182695
182696
182775
182780
182789
182798
182806
182830
182834
182851
182852
182877
182891
182900
182906
182930
182937
182947
182954
183049
183058
183072
183079
183102
183105
183110
183111
183134
183149
183150
183191
183218
183242
183252
183259
183269
183291
183318
183328
183380
183385
183393
183414
183421
183438
183452
183455
183462
183471
183472
183495
183504
183525
183530
183549
183601
183609
183627
183669
183678
183695
183713
183730
183731
183750
183752
183753
183757
183852
183854
183862
183869
183875
183878
183930
183931
183943
183948
183971
183981
183984
184082
184097
184136
184139
184153
184216
184228
184243
184273
184299
184307
184310
184316
184321
184380
184392
184419
184423
184448
184449
184531
184533
184540
184552
184614
184618
184623
184628
184646
184656
184667
184684
184741
184752
184839
184854
184858
184873
184892
184900
184928
184945
184959
185001
185013
185058
185067
185083
185131
185136
185152
185159
185172
185180
185186
185199
185205
185238
185243
185291
185300
185306
185366
185374
185386
185398
185435
185438
185466
185469
185475
185494
185503
185505
185522
185549
185570
185575
185665
185674
185693
185701
185729
185751
185767
185775
185846
185870
185883
185914
185916
185934
185947
185960
185966
185989
186028
186062
186089
186095
186116
186133
186155
186162
186163
186171
186196
186205
186206
186209
186211
186243
186248
186255
186297
186303
186309
186317
186324
186329
186336
186339
186364
186385
186391
186432
186435
186438
186451
186482
186491
186517
186522
186535
186596
186607
186608
186636
186664
186667
186670
186709
186718
186760
186775
186784
186799
186815
186828
186839
186861
186869
186878
186914
186919
186939
186965
186970
186971
186984
187022
187027
187033
187034
187047
187071
187072
187137
187138
187156
187171
187179
187180
187182
187240
187246
187266
187320
187349
187356
187392
187394
187398
187430
187471
187474
187478
187479
187483
187488
187520
187531
187542
187559
187569
187608
187618
187682
187718
187720
187751
187759
187770
187783
187788
187795
187799
187859
187872
187873
187889
187900
187906
187915
187920
187925
187936
188051
188057
188058
188140
188147
188176
188182
188195
188215
188236
188240
188254
188261
188265
188280
188287
188322
188330
188399
188404
188462
188469
188474
188497
188511
188516
188540
188545
188559
188568
188642
188647
188687
188706
188718
188742
188743
188759
188781
188786
188791
188798
188834
188847
188849
188853
188905
188911
188917
188928
188938
188958
188971
188977
189018
189029
189044
189066
189088
189103
189110
189113
189157
189159
189194
189202
189250
189256
189268
189273
189284
189331
189397
189399
189409
189447
189512
189527
189550
189569
189593
189624
189626
189668
189673
189682
189690
189758
189773
189790
189793
189838
189844
189854
189866
189893
189932
189968
189969
189972
189984
189999
190000
190030
190050
190093
190095
190104
190112
190141
190161
190163
190167
190190
190197
190200
190201
190219
190222
190233
190238
190249
190289
190406
190453
190510
190513
190538
190542
190578
190681
190700
190773
190780
190784
190792
190801
190827
190845
190878
190887
190909
190964
190967
190976
191010
191014
191027
191028
191051
191053
191062
191063
191113
191130
191136
191190
191224
191231
191233
191238
191240
191244
191257
191336
191351
191356
191392
191422
191434
191435
191456
191462
191467
191472
191476
191480
191510
191523
191559
191561
191569
191575
191594
191605
191611
191654
191667
191691
191694
191707
191710
191721
191731
191744
191751
191755
191816
191819
191822
191862
191874
191875
191894
191897
191913
191922
191938
191946
191950
191962
191968
192011
192019
192057
192099
192101
192102
192109
192115
192120
192147
192158
192159
192182
192183
192189
192192
192209
192212
192231
192235
192250
192288
192291
192386
192402
192407
192429
192433
192465
192489
192515
192519
192524
192536
192543
192545
192572
192624
192631
192636
192659
192711
192740
192747
192752
192771
192787
192790
192798
192842
192847
192886
192897
192902
192911
192921
192927
192953
192956
193011
193015
193040
193095
193101
193125
193140
193146
193166
193170
193188
193196
193245
193257
193281
193290
193320
193324
193328
193343
193354
193359
193362
193407
193414
193421
193484
193501
193543
193549
193560
193577
193580
193629
193663
193665
193670
193684
193687
193736
193747
193749
193753
193778
193809
193810
193817
193818
193834
193850
193860
193904
193940
194056
194067
194068
194087
194089
194092
194114
194131
194182
194223
194287
194292
194315
194358
194363
194377
194379
194388
194399
194419
194440
194462
194485
194497
194507
194517
194521
194563
194576
194586
194605
194609
194611
194654
194662
194691
194693
194699
194759
194760
194769
194801
194844
194857
194887
194925
194972
194988
195004
195009
195028
195040
195055
195111
195115
195127
195134
195153
195171
195191
195195
195202
195203
195229
195256
195260
195297
195300
195306
195344
195354
195371
195380
195399
195408
195432
195483
195490
195497
195521
195589
195599
195612
195645
195670
195673
195691
195701
195752
195756
195817
195832
195917
195963
195969
196001
196012
196025
196031
196032
196047
196061
196083
196096
196169
196173
196177
196186
196204
196212
196218
196221
196224
196239
196244
196253
196265
196276
196284
196297
196331
196351
196391
196398
196413
196419
196467
196470
196490
196510
196523
196535
196543
196558
196575
196591
196610
196620
196624
196632
196651
196658
196662
196670
196701
196707
196717
196731
196740
196753
196766
196769
196772
196774
196784
196794
196820
196823
196827
196870
196891
196901
196910
196928
196940
196952
196990
196995
197002
197031
197036
197097
197113
197138
197151
197157
197169
197219
197223
197237
197256
197274
197283
197288
197317
197326
197346
197354
197364
197368
197455
197456
197461
197470
197477
197486
197497
197506
197548
197600
197622
197640
197653
197670
197671
197674
197684
197694
197706
197709
197713
197721
197726
197734
197766
197789
197811
197825
197834
197865
197876
197883
197891
197929
198020
198128
198137
198175
198183
198230
198242
198245
198322
198378
198421
198426
198429
198449
198537
198540
198601
198619
198674
198682
198696
198706
198714
198724
198757
198767
198777
198792
198801
198809
198869
198880
198885
198893
198903
198921
198928
198935
198953
198960
198962
198974
199098
199105
199146
199170
199256
199269
199279
199281
199291
199300
199304
199332
199351
199373
199385
199392
199443
199446
199540
199544
199548
199630
199635
199649
199660
199682
199704
199713
199818
199822
199841
199901
199903
199920
199927
199936
199945
199999
