0.000000000000000000e+00
9.660000000000000000e+02
1.299000000000000000e+03
2.295000000000000000e+03
2.889000000000000000e+03
8.219000000000000000e+03
8.332000000000000000e+03
8.333000000000000000e+03
1.023000000000000000e+04
1.055100000000000000e+04
1.085300000000000000e+04
1.114800000000000000e+04
1.167900000000000000e+04
1.201800000000000000e+04
1.240100000000000000e+04
1.283500000000000000e+04
1.363800000000000000e+04
1.410100000000000000e+04
1.520000000000000000e+04
1.546400000000000000e+04
1.605200000000000000e+04
1.666500000000000000e+04
1.666600000000000000e+04
1.767400000000000000e+04
1.802400000000000000e+04
1.833900000000000000e+04
1.852400000000000000e+04
1.921800000000000000e+04
1.981600000000000000e+04
2.028900000000000000e+04
2.053900000000000000e+04
2.121800000000000000e+04
2.148200000000000000e+04
2.184800000000000000e+04
2.219800000000000000e+04
2.405500000000000000e+04
2.440000000000000000e+04
2.499800000000000000e+04
2.499900000000000000e+04
2.506800000000000000e+04
2.569200000000000000e+04
2.653700000000000000e+04
2.682900000000000000e+04
2.757100000000000000e+04
2.781800000000000000e+04
2.834900000000000000e+04
2.877700000000000000e+04
2.907300000000000000e+04
2.960400000000000000e+04
2.987200000000000000e+04
3.008300000000000000e+04
3.213400000000000000e+04
3.247600000000000000e+04
3.333100000000000000e+04
3.333200000000000000e+04
3.360500000000000000e+04
3.375200000000000000e+04
3.413800000000000000e+04
3.435300000000000000e+04
3.580800000000000000e+04
3.624100000000000000e+04
3.657100000000000000e+04
3.779500000000000000e+04
3.948400000000000000e+04
3.964600000000000000e+04
3.993500000000000000e+04
4.107900000000000000e+04
4.137400000000000000e+04
4.152900000000000000e+04
4.166400000000000000e+04
4.166500000000000000e+04
4.296800000000000000e+04
4.321500000000000000e+04
4.371600000000000000e+04
4.999700000000000000e+04
4.999800000000000000e+04
5.070300000000000000e+04
5.095500000000000000e+04
5.151000000000000000e+04
5.219300000000000000e+04
5.373100000000000000e+04
5.419400000000000000e+04
5.499200000000000000e+04
5.539300000000000000e+04
5.775600000000000000e+04
5.806300000000000000e+04
5.833000000000000000e+04
5.833100000000000000e+04
5.842400000000000000e+04
5.864300000000000000e+04
5.919900000000000000e+04
5.968800000000000000e+04
6.004800000000000000e+04
6.027700000000000000e+04
6.141800000000000000e+04
6.215600000000000000e+04
6.257500000000000000e+04
6.280000000000000000e+04
6.350200000000000000e+04
6.365200000000000000e+04
6.405800000000000000e+04
6.596100000000000000e+04
6.666300000000000000e+04
6.666400000000000000e+04
6.899400000000000000e+04
7.006200000000000000e+04
7.124200000000000000e+04
7.136000000000000000e+04
7.179700000000000000e+04
7.219200000000000000e+04
7.348200000000000000e+04
7.386500000000000000e+04
7.499600000000000000e+04
7.499700000000000000e+04
7.878700000000000000e+04
7.897500000000000000e+04
8.029900000000000000e+04
8.093600000000000000e+04
8.332900000000000000e+04
8.333000000000000000e+04
8.395500000000000000e+04
8.492900000000000000e+04
8.546400000000000000e+04
8.601800000000000000e+04
8.741700000000000000e+04
8.783900000000000000e+04
8.933100000000000000e+04
8.961300000000000000e+04
8.997600000000000000e+04
9.034500000000000000e+04
9.070200000000000000e+04
9.125100000000000000e+04
9.147100000000000000e+04
9.166200000000000000e+04
9.166300000000000000e+04
9.188200000000000000e+04
9.276400000000000000e+04
9.332700000000000000e+04
9.477900000000000000e+04
9.603000000000000000e+04
9.677200000000000000e+04
9.719300000000000000e+04
9.936100000000000000e+04
9.999500000000000000e+04
