0
963
1305
2286
3060
8138
8467
10418
10898
10964
11480
12044
12396
12834
13936
14440
16066
16725
17848
18177
18377
18536
19338
19849
20868
21300
21997
24071
24378
25099
25723
26538
26829
27612
28649
28768
29133
29607
29871
30075
32033
32427
33262
33609
33796
34136
34357
35812
36244
36575
37788
39603
39652
39958
41199
41468
42843
43423
49176
49827
50707
50955
51519
52193
53732
54190
54997
55392
57703
58014
58428
58688
59292
59753
60055
60281
61421
62158
62658
63584
63679
64107
70907
71244
71353
71822
72164
73483
73871
78788
78972
80115
80736
82413
83967
84832
85461
85602
85966
87420
87842
89334
89613
89989
90375
90662
90986
91484
91576
92035
92758
93329
94778
96026
96765
97247
99365
100000
